0 0.22406250000000003 0.46253472222222225 0.17238281249999998 0.5125173611111111 0.13593750000000002 0.5463541666666667 0.13841145833333332 0.5505208333333333 0.17454427083333335 0.5164583333333334 0.22643229166666667 0.4662152777777778 0.28561197916666664 0.40414930555555556 0.2899609375 0.40282986111111113 0.29272135416666667 0.39914930555555556 0.29192708333333334 0.3917881944444444 0.28739583333333335 0.3917881944444444 0.28463541666666664 0.39493055555555556 0.2840364583333333 0.4001909722222222 0.22406250000000003 0.46253472222222225
0 0.6403385416666666 0.2985416666666667 0.6774739583333332 0.2222222222222222 0.7033854166666668 0.16770833333333332 0.6983072916666666 0.16302083333333334 0.6734375 0.21805555555555556 0.6365885416666667 0.29491319444444447 0.6123697916666667 0.34670138888888885 0.6083072916666666 0.3480729166666667 0.6062500000000001 0.3530902777777778 0.6079166666666667 0.35953125 0.6127213541666666 0.35946180555555557 0.6151171875 0.3544618055555555 0.6154947916666667 0.3494791666666667 0.6403385416666666 0.2985416666666667
0 0.6255208333333333 0.29855902777777776 0.660625 0.22085069444444444 0.685859375 0.16630208333333335 0.6814192708333334 0.163125 0.6565364583333334 0.21675347222222222 0.6217708333333333 0.29493055555555553 0.5975260416666667 0.3470486111111111 0.5934895833333333 0.3480902777777778 0.5914192708333333 0.35310763888888885 0.5930989583333334 0.3595486111111111 0.5979036458333333 0.3594791666666667 0.6013020833333333 0.35399305555555555 0.6013020833333333 0.34861111111111115 0.6255208333333333 0.29855902777777776
0 0.5832421875 0.3063194444444444 0.6019921874999999 0.24494791666666668 0.6214192708333334 0.16677083333333334 0.6169921875000001 0.16359375 0.5975520833333333 0.24177083333333332 0.5794921875 0.303125 0.5665364583333333 0.34677083333333336 0.5620963541666667 0.3494965277777778 0.5607421874999999 0.35494791666666664 0.563125 0.3590451388888889 0.5682421875 0.3576736111111111 0.570625 0.35352430555555553 0.571015625 0.3476215277777778 0.5832421875 0.3063194444444444
0 0.5675651041666666 0.30765625 0.5863151041666667 0.24630208333333334 0.6057421875 0.168125 0.6013151041666667 0.16493055555555555 0.581875 0.2431076388888889 0.5638151041666667 0.30447916666666663 0.550859375 0.34810763888888885 0.5464322916666667 0.35083333333333333 0.5450651041666666 0.35628472222222224 0.5474479166666667 0.3603819444444445 0.5525651041666667 0.3590277777777778 0.5549479166666667 0.3548611111111111 0.5553385416666666 0.3489583333333333 0.5675651041666666 0.30765625
0 0.44170572916666667 0.5520138888888888 0.38613281250000003 0.6229166666666667 0.3384114583333333 0.6806423611111111 0.3056901041666667 0.7165451388888889 0.28997395833333334 0.7338541666666667 0.29375 0.7388888888888889 0.30875 0.7215451388888889 0.341484375 0.6856423611111111 0.3885286458333333 0.6288368055555555 0.4444270833333333 0.5565625 0.44882812499999997 0.5560763888888889 0.45156250000000003 0.5510416666666667 0.45026041666666666 0.5434027777777778 0.444765625 0.5433854166666667 0.44170572916666667 0.5474652777777778 0.44170572916666667 0.5520138888888888
0 0.5338932291666666 0.29272569444444446 0.537578125 0.2430902777777778 0.5420703125 0.18309027777777775 0.5437500000000001 0.16510416666666666 0.5380208333333333 0.16458333333333333 0.5367578125 0.18199652777777778 0.5326692708333333 0.24418402777777778 0.528984375 0.2916319444444444 0.5195833333333334 0.34618055555555555 0.5163020833333333 0.35163194444444446 0.51671875 0.3576215277777778 0.5191666666666667 0.3614409722222222 0.5248958333333333 0.3576215277777778 0.5265364583333333 0.35107638888888887 0.5244921875 0.3478125 0.5338932291666666 0.29272569444444446
0 0.4796875 0.2997743055555555 0.4549739583333334 0.2596354166666667 0.425703125 0.21454861111111112 0.38934895833333333 0.16418402777777777 0.3861979166666667 0.16979166666666667 0.4220182291666667 0.21947916666666667 0.45098958333333333 0.2634201388888889 0.47598958333333335 0.3039409722222222 0.5018489583333333 0.3493923611111111 0.500703125 0.3547048611111111 0.5041145833333334 0.36000000000000004 0.5092447916666667 0.3595486111111111 0.5106770833333333 0.3536458333333333 0.5086588541666667 0.3486458333333333 0.5055338541666666 0.3467534722222222 0.4796875 0.2997743055555555
0 0.44329427083333334 0.30159722222222224 0.41175781250000004 0.26296875 0.37540364583333335 0.2182638888888889 0.3401692708333333 0.1765972222222222 0.327109375 0.16145833333333334 0.32341145833333335 0.16675347222222223 0.3367578125 0.18190972222222224 0.37227864583333337 0.2235763888888889 0.4083463541666667 0.26788194444444446 0.44045572916666664 0.3065277777777778 0.4725520833333334 0.3512152777777778 0.47197916666666667 0.3565277777777778 0.475390625 0.3603125 0.48022135416666667 0.35842013888888885 0.4813541666666667 0.35425347222222225 0.47908854166666665 0.3485590277777778 0.4759635416666667 0.3478125 0.44329427083333334 0.30159722222222224
0 0.4346744791666666 0.30796874999999996 0.4125260416666667 0.27888888888888885 0.38968749999999996 0.24934027777777779 0.36377604166666666 0.21843749999999998 0.3426432291666666 0.19434027777777776 0.31570312500000003 0.16161458333333334 0.3126432291666667 0.16706597222222222 0.33889322916666664 0.1988888888888889 0.3600260416666667 0.2225173611111111 0.3862760416666667 0.2552430555555556 0.40911458333333334 0.28296875 0.43092447916666665 0.3125173611111111 0.4564973958333333 0.34934027777777776 0.4571744791666667 0.35796875 0.4622916666666667 0.36206597222222225 0.4663802083333333 0.35888888888888887 0.4660416666666667 0.3520659722222222 0.4633203125 0.34616319444444443 0.46024739583333335 0.34616319444444443 0.4346744791666666 0.30796874999999996
0 0.39868489583333333 0.2789756944444444 0.36799479166666665 0.23942708333333332 0.33493489583333336 0.19807291666666668 0.303515625 0.15885416666666666 0.29973958333333334 0.16440972222222222 0.3311848958333333 0.20215277777777776 0.3642447916666667 0.24352430555555557 0.39390624999999996 0.2830729166666667 0.44061197916666667 0.34987847222222224 0.4402734375 0.3557986111111111 0.4440234375 0.36125 0.45049479166666667 0.35852430555555553 0.45083333333333336 0.35260416666666666 0.44845052083333337 0.3471527777777778 0.4450390625 0.34670138888888885 0.39868489583333333 0.2789756944444444
0 0.38981770833333335 0.29942708333333334 0.36697916666666663 0.26397569444444446 0.3383463541666667 0.22307291666666668 0.3202734375 0.19852430555555556 0.2943619791666667 0.16217013888888887 0.2899348958333333 0.1671701388888889 0.31755208333333335 0.20352430555555556 0.3345963541666667 0.22624999999999998 0.36322916666666666 0.26807291666666666 0.3857291666666667 0.3026041666666667 0.411640625 0.34760416666666666 0.411640625 0.35397569444444443 0.41539062499999996 0.35897569444444444 0.42049479166666665 0.35760416666666667 0.4218619791666667 0.35125 0.4187890625 0.3457986111111111 0.41572916666666665 0.34487847222222223 0.38981770833333335 0.29942708333333334
0 0.37005208333333334 0.30579861111111106 0.32675781249999997 0.25442708333333336 0.28652343750000003 0.20989583333333334 0.23777343750000002 0.1571701388888889 0.23436197916666668 0.16352430555555555 0.2824348958333333 0.21489583333333334 0.3230078125 0.2598784722222222 0.3656119791666667 0.3107986111111111 0.3952734375 0.34987847222222224 0.39493489583333335 0.35624999999999996 0.39868489583333333 0.36032986111111115 0.4048177083333333 0.3580729166666667 0.4054947916666667 0.35215277777777776 0.4037890625 0.3485243055555556 0.39970052083333335 0.34670138888888885 0.37005208333333334 0.30579861111111106
0 0.3796875 0.5519097222222222 0.3815104166666667 0.5470486111111111 0.37890625 0.5425347222222222 0.3748697916666666 0.5444444444444445 0.373828125 0.5510416666666667 0.31953125 0.6555555555555556 0.3170572916666667 0.6581597222222223 0.31484375000000003 0.6604166666666667 0.31471354166666665 0.6652777777777777 0.31809895833333335 0.6682291666666667 0.321484375 0.6663194444444445 0.32252604166666665 0.6607638888888889 0.323046875 0.6583333333333333 0.37669270833333335 0.5548611111111111 0.3796875 0.5519097222222222
0 0.39869791666666665 0.5517361111111111 0.39921875 0.5454861111111111 0.3958333333333333 0.5418402777777778 0.3919270833333333 0.5442708333333334 0.39088541666666665 0.5496527777777778 0.33489583333333334 0.6557291666666667 0.33125 0.6571180555555556 0.32890625 0.6612847222222222 0.3302083333333333 0.6670138888888889 0.33470052083333335 0.6669965277777777 0.337109375 0.6628472222222223 0.33763020833333335 0.6590277777777778 0.3399739583333334 0.6541666666666667 0.3938802083333333 0.5538194444444444 0.39869791666666665 0.5517361111111111
0 0.2799479166666667 0.15086805555555557 0.24596354166666667 0.1501736111111111 0.24544270833333334 0.15486111111111112 0.27968750000000003 0.15538194444444445 0.28265625 0.1578298611111111 0.2866927083333333 0.15765625 0.28890625 0.15244791666666668 0.28661458333333334 0.14687499999999998 0.28265625 0.14671875 0.2799479166666667 0.15086805555555557
0 0.19804687499999998 0.15052083333333333 0.15408854166666666 0.1498090277777778 0.15390625 0.15520833333333334 0.19804687499999998 0.15520833333333334 0.20104166666666667 0.15850694444444444 0.205078125 0.15833333333333333 0.20729166666666665 0.153125 0.205 0.14755208333333333 0.20104166666666667 0.14739583333333334 0.19804687499999998 0.15052083333333333
0 0.3498307291666667 0.3020138888888889 0.319140625 0.2630208333333333 0.292734375 0.23194444444444443 0.25807291666666665 0.19409722222222223 0.22710937499999997 0.15960069444444447 0.22427083333333334 0.1645138888888889 0.25466145833333337 0.19935763888888888 0.28875 0.2361111111111111 0.3163151041666667 0.26791666666666664 0.34670572916666664 0.30579861111111106 0.3810807291666667 0.3501215277777778 0.37994791666666666 0.3557986111111111 0.3836328125 0.35996527777777776 0.3890364583333333 0.3580729166666667 0.3898828125 0.35277777777777775 0.38790364583333337 0.3470833333333333 0.3836328125 0.34670138888888885 0.3498307291666667 0.3020138888888889
0 0.3295442708333333 0.2965277777777778 0.28454427083333333 0.24197916666666666 0.2528515625 0.20515625 0.2129557291666667 0.160625 0.20846354166666667 0.16649305555555557 0.2484375 0.21006944444444445 0.2801171875 0.24607638888888891 0.32545572916666665 0.3015277777777778 0.36466145833333335 0.3515277777777778 0.3653385416666666 0.35743055555555553 0.36841145833333333 0.3606076388888889 0.3725 0.35743055555555553 0.37352864583333334 0.35333333333333333 0.37113281249999996 0.3474305555555556 0.3680729166666667 0.3478819444444444 0.3295442708333333 0.2965277777777778
0 0.30352864583333333 0.3033854166666667 0.27596354166666665 0.27762152777777777 0.23420572916666668 0.24125000000000002 0.192734375 0.20793402777777778 0.15466145833333333 0.1776215277777778 0.152109375 0.18368055555555554 0.19018229166666667 0.21322916666666666 0.2313671875 0.24618055555555557 0.2734114583333333 0.28217013888888887 0.3006901041666667 0.3082986111111111 0.3475520833333334 0.3518576388888889 0.348125 0.3575347222222222 0.3526692708333334 0.3605729166666667 0.35665364583333337 0.35791666666666666 0.3575 0.3518576388888889 0.3549479166666667 0.3476909722222222 0.3506770833333333 0.3484548611111111 0.30352864583333333 0.3033854166666667
0 0.25352864583333334 0.27762152777777777 0.214609375 0.24694444444444447 0.15920572916666667 0.20338541666666668 0.14869791666666668 0.19467013888888887 0.14643229166666666 0.20111111111111113 0.21290364583333332 0.25262152777777774 0.25040364583333335 0.2817881944444445 0.33079427083333335 0.35223958333333333 0.3310807291666667 0.35791666666666666 0.33619791666666665 0.3605729166666667 0.3401692708333333 0.3575347222222222 0.34102864583333337 0.35147569444444443 0.33875000000000005 0.3480729166666667 0.33307291666666666 0.3476909722222222 0.25352864583333334 0.27762152777777777
0 0.21907552083333334 0.3110763888888889 0.1748828125 0.2884548611111111 0.14549479166666665 0.27425347222222224 0.13838541666666668 0.2713541666666667 0.13721354166666666 0.27741319444444446 0.20704427083333332 0.3110763888888889 0.248671875 0.33421875 0.28240885416666667 0.3531597222222222 0.28338541666666667 0.3576388888888889 0.287734375 0.3594791666666667 0.29108072916666666 0.35657986111111106 0.2906901041666667 0.35237847222222224 0.2875390625 0.34869791666666666 0.28457031250000003 0.3489583333333333 0.21907552083333334 0.3110763888888889
0 0.2831901041666667 0.37168402777777776 0.13346354166666666 0.34880208333333335 0.13365885416666667 0.35510416666666667 0.28200520833333337 0.37640625 0.28378906249999997 0.3795659722222222 0.2871354166666667 0.38036458333333334 0.29029947916666665 0.37798611111111113 0.28970052083333336 0.37298611111111113 0.2871354166666667 0.370625 0.2831901041666667 0.37168402777777776
0 0.29010416666666666 0.47187500000000004 0.2923177083333333 0.4659722222222222 0.28932291666666665 0.4605902777777778 0.28489583333333335 0.46249999999999997 0.28229166666666666 0.4684027777777778 0.25052083333333336 0.5057291666666667 0.1923046875 0.5659375 0.13502604166666668 0.6211805555555556 0.1376171875 0.6256423611111112 0.19444010416666668 0.57109375 0.2532421875 0.5101215277777778 0.28515625 0.47239583333333335 0.29010416666666666 0.47187500000000004
0 0.14033854166666668 0.7074305555555556 0.13815104166666667 0.7026041666666667 0.13072916666666667 0.6350694444444445 0.13223958333333333 0.6288194444444444 0.12908854166666667 0.6255208333333333 0.12481770833333333 0.6276215277777778 0.124375 0.6330208333333334 0.1270703125 0.6357291666666667 0.13450520833333332 0.7041666666666667 0.1344921875 0.7098263888888889 0.1362890625 0.7122222222222222 0.13944010416666666 0.7113194444444445 0.14033854166666668 0.7074305555555556
0 0.28338541666666667 0.5406249999999999 0.2850260416666667 0.5386284722222222 0.2857161458333333 0.5336979166666667 0.28283854166666667 0.5322222222222223 0.28009114583333333 0.5336979166666667 0.2794140625 0.5358854166666667 0.2786458333333333 0.5383680555555556 0.2265625 0.609375 0.2226953125 0.6096875 0.2210546875 0.6126041666666667 0.22145833333333334 0.6169791666666666 0.22420572916666667 0.6188194444444445 0.22735677083333336 0.6178993055555556 0.22803385416666666 0.6131423611111111 0.2294270833333333 0.6118055555555555 0.2811197916666667 0.5418402777777778 0.28338541666666667 0.5406249999999999
0 0.36408854166666665 0.55109375 0.366015625 0.5461805555555556 0.3623828125 0.5423784722222222 0.35833333333333334 0.5449652777777777 0.3580729166666667 0.5506944444444444 0.3040364583333333 0.6550347222222223 0.30052083333333335 0.6567708333333333 0.298828125 0.6600694444444444 0.2998828125 0.6643402777777778 0.3041536458333333 0.6647222222222222 0.306640625 0.6614583333333334 0.30716145833333336 0.6571180555555556 0.3092447916666667 0.653125 0.3606770833333333 0.5539930555555556 0.36408854166666665 0.55109375
0 0.3495963541666667 0.5518402777777778 0.35158854166666664 0.5465451388888889 0.347890625 0.543125 0.34363281250000005 0.5450347222222223 0.34334635416666665 0.55109375 0.28958333333333336 0.6552083333333333 0.286328125 0.6564236111111111 0.28411458333333334 0.6600694444444444 0.28540364583333333 0.6651041666666667 0.28966145833333334 0.6654861111111111 0.2921875 0.6625000000000001 0.2928385416666667 0.6583333333333333 0.294140625 0.6553819444444444 0.34591145833333337 0.555625 0.3495963541666667 0.5518402777777778
0 0.3342578125 0.5514583333333333 0.33625 0.5461631944444444 0.33255208333333336 0.5427604166666666 0.32829427083333335 0.5446527777777779 0.3280078125 0.5507118055555555 0.27486979166666664 0.6539930555555555 0.2721354166666667 0.6555555555555556 0.2692057291666667 0.6590451388888889 0.2700651041666667 0.6647222222222222 0.2743229166666667 0.6651041666666667 0.2772135416666667 0.6633680555555556 0.278125 0.6579861111111112 0.2794270833333333 0.6541145833333333 0.33057291666666666 0.5552604166666666 0.3342578125 0.5514583333333333
0 0.31778645833333335 0.5512847222222222 0.3197786458333333 0.5459895833333334 0.3160807291666667 0.5425694444444444 0.31182291666666667 0.5444618055555556 0.3115364583333333 0.5505208333333333 0.25927083333333334 0.6520486111111111 0.255859375 0.6546875000000001 0.25351562499999997 0.6588541666666666 0.2540364583333333 0.6640625 0.2578385416666667 0.6649131944444444 0.26171875 0.6626736111111111 0.2625 0.6583333333333333 0.26295572916666665 0.6539409722222222 0.31408854166666667 0.5550694444444445 0.31778645833333335 0.5512847222222222
0 0.7755598958333333 0.1629861111111111 0.7587109375000001 0.21526041666666665 0.72890625 0.3042534722222222 0.7130338541666666 0.3483159722222222 0.7094661458333333 0.3526388888888889 0.7081770833333333 0.3595486111111111 0.7136718750000001 0.36302083333333335 0.7344140625 0.30727430555555557 0.76421875 0.21828125 0.7807421875 0.16644097222222223 0.7755598958333333 0.1629861111111111
0 0.7101432291666666 0.37036458333333333 0.7055989583333333 0.37604166666666666 0.706640625 0.3824652777777778 0.7121093749999999 0.3842013888888889 0.7156510416666667 0.37986111111111115 0.7165885416666667 0.3759722222222222 0.8559375 0.20274305555555555 0.8520182291666667 0.19713541666666667 0.7140234375 0.3707986111111111 0.7101432291666666 0.37036458333333333
0 0.8741666666666666 0.35067708333333336 0.8746223958333333 0.35519097222222223 0.8793359375 0.35668402777777775 0.8827213541666666 0.3533854166666667 0.8820442708333333 0.34737847222222223 0.8797916666666666 0.3449826388888889 0.8755208333333333 0.2828819444444444 0.8707942708333333 0.2840798611111111 0.8757421875000001 0.3455902777777778 0.8741666666666666 0.35067708333333336
0 0.711328125 0.39184027777777775 0.7071614583333333 0.3951388888888889 0.7076692708333333 0.40078125 0.7123958333333333 0.4028819444444445 0.7157682291666667 0.39958333333333335 0.8705729166666667 0.35758680555555555 0.8701171875 0.3509895833333333 0.7146354166666667 0.3941840277777778 0.711328125 0.39184027777777775
0 0.7154947916666666 0.47239583333333335 0.827734375 0.5326388888888889 0.8701822916666666 0.5574652777777778 0.8729166666666667 0.5508680555555556 0.8299479166666667 0.5262152777777778 0.7177083333333334 0.4670138888888889 0.7156510416666667 0.4627430555555556 0.7104817708333333 0.4609548611111111 0.7066536458333333 0.46394097222222225 0.7066536458333333 0.47024305555555557 0.7102604166666667 0.4738541666666667 0.7154947916666666 0.47239583333333335
0 0.7193619791666667 0.5459895833333334 0.8294270833333334 0.6116319444444445 0.8703385416666666 0.6350868055555555 0.8721354166666666 0.6287847222222223 0.8319010416666667 0.6059027777777778 0.7209374999999999 0.5402777777777777 0.7198177083333334 0.5351909722222222 0.7146354166666667 0.5333854166666667 0.7108203125 0.5363888888888888 0.7108203125 0.5426909722222222 0.7144140625 0.5462847222222222 0.7193619791666667 0.5459895833333334
0 0.6867187499999999 0.5480902777777777 0.7229166666666668 0.5861111111111111 0.8010416666666668 0.6663194444444445 0.8433463541666667 0.7091840277777778 0.8545963541666667 0.7214930555555555 0.8577473958333334 0.7163888888888889 0.8458203125 0.7052777777777778 0.8041927083333333 0.6611805555555555 0.7261197916666666 0.5804861111111111 0.6887630208333334 0.5417881944444445 0.6876432291666666 0.5366840277777778 0.6844921875000001 0.5339930555555555 0.6797656249999999 0.5363888888888888 0.6797656249999999 0.5435763888888889 0.6831380208333333 0.5465798611111111 0.6867187499999999 0.5480902777777777
0 0.6704296875 0.5561979166666666 0.7251302083333333 0.6614583333333334 0.7257812499999999 0.6673611111111111 0.72890625 0.6704861111111111 0.7326822916666668 0.6704861111111111 0.7351562500000001 0.6668402777777778 0.7345052083333333 0.6612847222222222 0.7322916666666667 0.6588541666666666 0.7291666666666666 0.6572916666666667 0.6740364583333333 0.5519965277777777 0.6731250000000001 0.5463020833333334 0.6702083333333334 0.54390625 0.6666015625 0.5451041666666667 0.6650260416666667 0.5498958333333334 0.6670572916666666 0.5543923611111111 0.6704296875 0.5561979166666666
0 0.6470312500000001 0.5543923611111111 0.706640625 0.659375 0.7069010416666667 0.6651041666666667 0.7100260416666666 0.6689236111111111 0.7143229166666667 0.6684027777777778 0.7154947916666666 0.6633680555555556 0.7140624999999999 0.6581597222222223 0.7106770833333332 0.6567708333333333 0.7087239583333332 0.6536458333333334 0.650625 0.5501909722222222 0.6497265625 0.5444965277777778 0.6468098958333334 0.5421006944444444 0.643203125 0.5432986111111111 0.6416276041666666 0.5480902777777777 0.6436588541666667 0.5526041666666667 0.6470312500000001 0.5543923611111111
0 0.631953125 0.5538020833333334 0.6902213541666667 0.6597048611111112 0.6899609375 0.6647395833333333 0.6931510416666667 0.6684027777777778 0.6963020833333333 0.6686979166666667 0.6978776041666667 0.6653993055555555 0.69765625 0.6597048611111112 0.6947265625 0.6572916666666667 0.69203125 0.6531076388888889 0.6355598958333334 0.5496006944444445 0.6346484375 0.54390625 0.6317317708333333 0.5414930555555555 0.6281249999999999 0.5426909722222222 0.6265494791666667 0.5475 0.6285807291666666 0.5519965277777777 0.631953125 0.5538020833333334
0 0.6145182291666667 0.5546875 0.6727864583333334 0.6605902777777778 0.6725260416666666 0.6656249999999999 0.6757161458333334 0.6692881944444444 0.6788671875 0.6695833333333333 0.6804427083333334 0.6662847222222221 0.6802213541666666 0.6605902777777778 0.6772916666666666 0.6581770833333334 0.6745963541666667 0.6539930555555555 0.6181119791666666 0.5504861111111111 0.6172135416666666 0.5447916666666667 0.614296875 0.5423784722222222 0.6106901041666667 0.5435763888888889 0.6091145833333333 0.5483854166666666 0.6111458333333334 0.5528819444444444 0.6145182291666667 0.5546875
0 0.5725260416666667 0.5541666666666667 0.640625 0.6463541666666667 0.7101562499999999 0.7425347222222222 0.7139322916666666 0.7369791666666666 0.6447916666666667 0.6416666666666667 0.575859375 0.5510416666666667 0.5755208333333334 0.5460069444444444 0.5730468750000001 0.5414930555555555 0.5675781249999999 0.5418402777777778 0.566015625 0.5480902777777777 0.56796875 0.5529513888888888 0.5725260416666667 0.5541666666666667
0 0.5575520833333333 0.5541666666666667 0.6256380208333333 0.6469444444444444 0.6945312499999999 0.7427083333333333 0.6983072916666666 0.7383680555555556 0.6294270833333333 0.6427083333333333 0.5614583333333333 0.55125 0.5606770833333333 0.5453125000000001 0.5586067708333333 0.5415451388888889 0.5532552083333333 0.5427083333333333 0.5513411458333334 0.5482986111111111 0.553125 0.5527777777777777 0.5575520833333333 0.5541666666666667
0 0.5428385416666667 0.5539930555555556 0.6107682291666666 0.6473784722222222 0.678125 0.7435763888888889 0.6819010416666668 0.7392361111111111 0.6136197916666667 0.6431770833333333 0.546484375 0.5512152777777778 0.5465885416666666 0.5462152777777778 0.5437369791666666 0.5419965277777777 0.537109375 0.5423611111111111 0.5364713541666667 0.5487326388888889 0.5388020833333333 0.5529513888888888 0.5428385416666667 0.5539930555555556
0 0.5244401041666666 0.5485590277777779 0.5339843750000001 0.6000000000000001 0.5421874999999999 0.6736111111111112 0.5486979166666667 0.7369791666666666 0.5535156250000001 0.7364583333333333 0.546875 0.6729166666666667 0.5380208333333333 0.5982638888888889 0.5285677083333333 0.5468055555555555 0.5301432291666667 0.5425868055555555 0.5288802083333334 0.5371006944444444 0.5250911458333333 0.536232638888889 0.5219661458333333 0.53953125 0.5222265625 0.5442187500000001 0.5244401041666666 0.5485590277777779
0 0.509765625 0.5479166666666667 0.5161067708333333 0.5980208333333333 0.5240104166666667 0.6755902777777778 0.5290755208333333 0.7400868055555556 0.5335026041666667 0.7384027777777777 0.5284375 0.6734895833333333 0.521484375 0.5984375 0.5138932291666667 0.5461631944444444 0.5154817708333334 0.5419444444444445 0.5142057291666667 0.5364756944444444 0.5104166666666666 0.5355902777777778 0.5072916666666667 0.5388888888888889 0.5075520833333333 0.5435763888888889 0.509765625 0.5479166666666667
0 0.4947916666666667 0.5538194444444444 0.4920572916666666 0.5767361111111111 0.48528645833333334 0.6149305555555555 0.4770703125 0.6553472222222223 0.47239583333333335 0.6770833333333334 0.4641927083333333 0.7104166666666667 0.4588541666666666 0.7385416666666667 0.46337239583333334 0.7393055555555555 0.4683854166666667 0.7122569444444444 0.4770703125 0.6781770833333334 0.4810286458333333 0.65640625 0.4897265625 0.6177604166666666 0.49578125 0.5791145833333333 0.49895833333333334 0.5541666666666667 0.5005208333333333 0.5499479166666666 0.5002604166666667 0.5436284722222222 0.49736979166666667 0.5408159722222222 0.49393229166666663 0.5439756944444444 0.4931510416666667 0.5496006944444445 0.4947916666666667 0.5538194444444444
0 0.4717578125 0.5515798611111111 0.4161458333333334 0.6243055555555556 0.3697916666666667 0.6819444444444445 0.33763020833333335 0.7192708333333333 0.32187499999999997 0.7359374999999999 0.3248697916666667 0.7416666666666667 0.3411458333333333 0.7243055555555555 0.3725260416666667 0.6869791666666667 0.41966145833333335 0.6295138888888889 0.4744791666666666 0.5561284722222222 0.4788802083333333 0.5556423611111111 0.48161458333333335 0.5506076388888889 0.4803125 0.54296875 0.47481770833333337 0.5429513888888889 0.4717578125 0.5470486111111111 0.4717578125 0.5515798611111111
0 0.4564713541666667 0.5526388888888889 0.4009114583333333 0.6235416666666667 0.35317708333333336 0.6812673611111112 0.3204557291666667 0.7171875000000001 0.30473958333333334 0.7344791666666667 0.308515625 0.7395138888888888 0.32351562500000003 0.7221875 0.35625 0.6862673611111112 0.40329427083333336 0.6294618055555555 0.45919270833333337 0.5571875 0.46359375 0.556701388888889 0.466328125 0.5516666666666666 0.46502604166666667 0.5440277777777778 0.4595442708333333 0.5440104166666667 0.4564713541666667 0.5480902777777777 0.4564713541666667 0.5526388888888889
0 0.6826953124999999 0.15635416666666668 0.6435677083333333 0.15571180555555555 0.6438932291666667 0.16052083333333333 0.6825260416666666 0.1603125 0.6843359375000001 0.16249999999999998 0.6886067708333333 0.16184027777777776 0.6907552083333334 0.15833333333333333 0.6890625 0.15486111111111112 0.6846614583333334 0.15439236111111113 0.6826953124999999 0.15635416666666668
0 0.6563802083333333 0.29809027777777775 0.6938802083333333 0.2222222222222222 0.7190104166666668 0.16770833333333332 0.7153645833333333 0.16302083333333334 0.689453125 0.21805555555555556 0.6526041666666667 0.2935763888888889 0.6277213541666666 0.34628472222222223 0.6236588541666667 0.34765625 0.6216015625 0.35267361111111106 0.6232682291666667 0.35911458333333335 0.6280729166666666 0.3590451388888889 0.6304557291666667 0.3540451388888889 0.6308463541666667 0.3490625 0.6563802083333333 0.29809027777777775