0 0.5641796875 0.4994618055555555 0.6858854166666667 0.4662673611111111 0.7976562500000001 0.4357638888888889 0.7959635416666666 0.4276041666666667 0.6845052083333334 0.45937500000000003 0.5635026041666666 0.4939930555555556 0.5600260416666667 0.4930555555555556 0.5559895833333334 0.49583333333333335 0.5553385416666666 0.5017361111111112 0.5580468749999999 0.5044618055555555 0.5628255208333334 0.5030902777777777 0.5641796875 0.4994618055555555
0 0.5761197916666666 0.47991319444444447 0.6882682291666667 0.4271875 0.7957031250000001 0.375 0.7921874999999999 0.3671875 0.6869010416666667 0.4208159722222222 0.5747526041666667 0.4740104166666666 0.5710026041666666 0.47218750000000004 0.5662239583333334 0.4758159722222222 0.5645182291666667 0.4821875 0.5686197916666667 0.4853645833333333 0.5740625 0.4840104166666667 0.5761197916666666 0.47991319444444447
0 0.5757682291666667 0.44446180555555553 0.6875911458333334 0.3690104166666667 0.7895182291666667 0.3003645833333333 0.7864453125 0.2953645833333333 0.6848567708333334 0.3626388888888889 0.5733854166666666 0.43991319444444443 0.5689583333333333 0.44081597222222224 0.5662239583333334 0.4440104166666667 0.5662239583333334 0.44946180555555554 0.5699739583333333 0.4503645833333334 0.5737239583333333 0.4480902777777778 0.5757682291666667 0.44446180555555553
0 0.5624739583333334 0.41401041666666666 0.6381640625 0.3412847222222222 0.6988411458333333 0.28173611111111113 0.6950911458333334 0.2771875 0.6354296875 0.3362847222222222 0.5587239583333333 0.41036458333333337 0.5556640625 0.41128472222222223 0.5519140625 0.41491319444444447 0.5515755208333334 0.4208159722222222 0.5573697916666667 0.4217361111111111 0.5600911458333333 0.4185416666666667 0.5624739583333334 0.41401041666666666
0 0.5737239583333333 0.5889930555555556 0.6719010416666666 0.611267361111111 0.7305468749999999 0.6244444444444445 0.7929296875 0.6408159722222222 0.7946354166666666 0.6339930555555555 0.7325911458333333 0.6185416666666667 0.6729296874999999 0.6049131944444445 0.5737239583333333 0.5830902777777778 0.5716796875 0.5812673611111111 0.5669140625 0.58171875 0.5645182291666667 0.58671875 0.5672526041666667 0.59171875 0.5716796875 0.59171875 0.5737239583333333 0.5889930555555556
0 0.6964453125 0.6676388888888889 0.7114453125 0.6694444444444445 0.7908854166666667 0.7035416666666667 0.792578125 0.6948958333333333 0.7121354166666666 0.6630902777777777 0.6978125 0.6608159722222222 0.5733854166666666 0.6162673611111111 0.569296875 0.6139930555555556 0.5658854166666667 0.6162673611111111 0.5652083333333333 0.6235416666666667 0.5713411458333334 0.6262673611111111 0.5744140624999999 0.6235416666666667 0.6964453125 0.6676388888888889
0 0.6344140625 0.6821701388888889 0.7165625000000001 0.7258159722222222 0.7922395833333334 0.7671701388888889 0.7946354166666666 0.7603645833333333 0.7182682291666667 0.7194444444444444 0.6357682291666666 0.6753645833333333 0.5771354166666667 0.6476388888888889 0.5713411458333334 0.64671875 0.5675911458333334 0.6480902777777778 0.5658854166666667 0.65171875 0.5672526041666667 0.6558159722222222 0.5723697916666667 0.6571701388888889 0.5761197916666666 0.6544444444444444 0.6344140625 0.6821701388888889
0 0.6582682291666667 0.7435416666666667 0.7769010416666666 0.8494444444444444 0.7796354166666667 0.84171875 0.6620182291666666 0.7380902777777778 0.5583333333333333 0.6517361111111111 0.5556640625 0.64671875 0.550546875 0.6489930555555555 0.550546875 0.6549131944444445 0.5536197916666666 0.6580902777777777 0.5583854166666666 0.6585416666666667 0.6582682291666667 0.7435416666666667
0 0.6149869791666667 0.7576215277777778 0.683203125 0.8576388888888888 0.6879427083333334 0.8517013888888889 0.6190755208333333 0.7517013888888889 0.5447916666666667 0.6548611111111111 0.5430989583333333 0.6498263888888889 0.5397135416666666 0.6472222222222223 0.5361979166666667 0.6498263888888889 0.5355598958333333 0.6526215277777778 0.537265625 0.6585243055555555 0.54203125 0.6594270833333333 0.6149869791666667 0.7576215277777778
0 0.60125 0.8511979166666667 0.6060286458333334 0.8466493055555556 0.5296614583333333 0.6552951388888889 0.5303385416666667 0.6502951388888889 0.5269401041666667 0.6471180555555556 0.5228385416666667 0.6471180555555556 0.5211458333333333 0.6507465277777778 0.5221614583333333 0.6571180555555556 0.5255729166666666 0.6580208333333333 0.60125 0.8511979166666667
0 0.5126692708333334 0.8429861111111111 0.5175 0.8433680555555555 0.5135286458333334 0.6748090277777777 0.5149479166666667 0.6710243055555556 0.5149479166666667 0.6653298611111111 0.5109635416666667 0.6626909722222222 0.508125 0.6649652777777777 0.5075651041666667 0.6706423611111112 0.5095442708333333 0.6748090277777777 0.5126692708333334 0.8429861111111111
0 0.42899739583333335 0.75015625 0.42552083333333335 0.8442708333333333 0.43203125000000003 0.84375 0.4347916666666667 0.75015625 0.43445312500000005 0.6610763888888889 0.43649739583333336 0.6556076388888888 0.43649739583333336 0.6488020833333333 0.4320572916666667 0.6460763888888889 0.42933593750000004 0.65015625 0.42865885416666666 0.6556076388888888 0.4300130208333333 0.6610763888888889 0.42899739583333335 0.75015625
0 0.33252604166666666 0.8428819444444444 0.3379817708333333 0.8460590277777778 0.4174088541666667 0.66015625 0.42046875 0.6578819444444445 0.42320312499999996 0.6519791666666667 0.42046875 0.6469791666666667 0.4153645833333333 0.6474305555555556 0.41399739583333334 0.6510763888888889 0.41399739583333334 0.6569791666666667 0.33252604166666666 0.8428819444444444
0 0.24981770833333336 0.8406944444444444 0.252890625 0.8475173611111111 0.2852734375 0.8088888888888889 0.3285677083333333 0.7547916666666666 0.4008333333333333 0.6575173611111111 0.40458333333333335 0.6588888888888889 0.40799479166666663 0.6547916666666667 0.40799479166666663 0.6493402777777777 0.40492187500000004 0.6466145833333333 0.4004947916666666 0.6502604166666667 0.32481770833333334 0.7502430555555555 0.28152343750000003 0.8034374999999999 0.24981770833333336 0.8406944444444444
0 0.1680078125 0.8225173611111111 0.17072916666666668 0.8288888888888889 0.38345052083333336 0.6547916666666667 0.3868619791666667 0.6570659722222223 0.39027343750000004 0.6566145833333333 0.39162760416666664 0.6529861111111112 0.3912890625 0.6479861111111112 0.3875390625 0.6447916666666667 0.38412760416666664 0.6470659722222222 0.1680078125 0.8225173611111111
0 0.159140625 0.7507118055555556 0.16158854166666667 0.7565972222222223 0.38515625000000003 0.622986111111111 0.38958333333333334 0.6234375000000001 0.39367187499999995 0.6216145833333333 0.3940104166666667 0.6156250000000001 0.390625 0.6111111111111112 0.386171875 0.6134375 0.38515625000000003 0.6166145833333334 0.159140625 0.7507118055555556
0 0.16221354166666666 0.6966145833333334 0.386171875 0.5893402777777778 0.3912890625 0.5911631944444444 0.39436197916666665 0.5870659722222222 0.39265625 0.5816145833333333 0.3885677083333334 0.5802604166666667 0.38549479166666667 0.5829861111111111 0.16118489583333334 0.6902430555555555 0.16221354166666666 0.6966145833333334
0 0.15712239583333334 0.6303819444444445 0.15825520833333334 0.6364409722222222 0.3960286458333333 0.5205381944444444 0.4002864583333334 0.5231770833333333 0.40338541666666666 0.5190972222222222 0.40227864583333334 0.5144618055555555 0.3997265625 0.5118229166666667 0.39716145833333333 0.5118229166666667 0.3951822916666667 0.5152256944444444 0.15712239583333334 0.6303819444444445
0 0.16078125000000001 0.4869270833333334 0.1596484375 0.49298611111111107 0.3951432291666667 0.49942708333333335 0.3968489583333333 0.5024652777777778 0.4008333333333333 0.5032118055555556 0.4016796875 0.49980902777777775 0.40139322916666664 0.49602430555555554 0.39884114583333335 0.4933680555555556 0.39622395833333335 0.49374999999999997 0.16078125000000001 0.4869270833333334
0 0.16588541666666667 0.42604166666666665 0.16510416666666666 0.43246527777777777 0.38292968749999995 0.47784722222222226 0.38549479166666667 0.48124999999999996 0.39003906250000003 0.48428819444444443 0.39287760416666667 0.48124999999999996 0.39287760416666667 0.47670138888888886 0.3888932291666667 0.47215277777777775 0.38549479166666667 0.47291666666666665 0.16588541666666667 0.42604166666666665
0 0.16399739583333334 0.3647048611111111 0.162578125 0.37038194444444444 0.3838671875 0.4438715277777778 0.3852864583333333 0.4480381944444444 0.3904036458333333 0.4503125 0.3929557291666667 0.4480381944444444 0.39153645833333334 0.44159722222222225 0.38643229166666665 0.4385590277777778 0.38437499999999997 0.4378472222222222 0.16399739583333334 0.3647048611111111
0 0.17591145833333333 0.28177083333333336 0.17252604166666666 0.2875 0.395234375 0.41961805555555554 0.40063802083333333 0.42114583333333333 0.40432291666666664 0.4181076388888889 0.4037630208333333 0.4124305555555556 0.4009114583333333 0.41015625 0.398359375 0.41204861111111113 0.3972265625 0.4147048611111111 0.17591145833333333 0.28177083333333336
0 0.4151171875 0.40727430555555555 0.3401171875 0.33947916666666667 0.2628515625 0.27621527777777777 0.2602994791666667 0.28152777777777777 0.33671875 0.34402777777777777 0.4134114583333333 0.41295138888888894 0.4134114583333333 0.4175 0.4185286458333333 0.4205381944444444 0.4216536458333333 0.4193923611111111 0.42222656249999996 0.4122048611111111 0.41901041666666666 0.4088541666666667 0.4151171875 0.40727430555555555
0 0.43268229166666666 0.4079861111111111 0.3929557291666667 0.34477430555555555 0.3480729166666667 0.2803819444444444 0.34467447916666666 0.2849305555555556 0.3892708333333333 0.3485590277777778 0.42877604166666666 0.41180555555555554 0.4278645833333334 0.41788194444444443 0.4315104166666666 0.42118055555555556 0.4369791666666667 0.41909722222222223 0.4369791666666667 0.4140625 0.435859375 0.4095486111111111 0.43268229166666666 0.4079861111111111
0 0.47322916666666665 0.40894097222222225 0.4275390625 0.2861458333333333 0.423046875 0.28836805555555556 0.46990885416666667 0.4114583333333333 0.4692057291666667 0.41651041666666666 0.4715755208333334 0.4209375 0.4751171875 0.42124999999999996 0.47772135416666667 0.41619791666666667 0.4755989583333333 0.4111458333333333 0.47322916666666665 0.40894097222222225
0 0.48861979166666664 0.4082986111111111 0.4673046875 0.33729166666666666 0.4507421875 0.28456597222222224 0.446953125 0.28741319444444446 0.4639973958333334 0.34043402777777776 0.48529947916666666 0.41241319444444446 0.48411458333333335 0.4171354166666667 0.48671875000000003 0.421875 0.4895703125 0.4215625 0.4916666666666667 0.41718750000000004 0.48997395833333335 0.4126736111111111 0.48861979166666664 0.4082986111111111
0 0.518203125 0.2833159722222222 0.5014062499999999 0.40894097222222225 0.49950520833333334 0.4114583333333333 0.4985546875 0.41651041666666666 0.5011588541666666 0.4206076388888889 0.5051822916666667 0.41809027777777774 0.5061328125 0.41430555555555554 0.5049479166666667 0.4114583333333333 0.5054296875000001 0.4076736111111111 0.5224739583333333 0.2842534722222222 0.518203125 0.2833159722222222
0 0.5268229166666667 0.4205381944444444 0.5295833333333334 0.41791666666666666 0.5305989583333334 0.4125 0.6069010416666667 0.28611111111111115 0.6036458333333333 0.2826388888888889 0.5279947916666666 0.4095486111111111 0.5252473958333334 0.41291666666666665 0.52328125 0.41685763888888894 0.5240625 0.4210763888888889 0.5268229166666667 0.4205381944444444
0 0.5631640625 0.5203645833333334 0.6862239583333333 0.5080902777777778 0.8000781250000001 0.49626736111111114 0.7994010416666667 0.4899131944444444 0.6858854166666667 0.5017361111111112 0.5628255208333334 0.5139930555555555 0.5590755208333333 0.5139930555555555 0.5563411458333333 0.5162673611111112 0.5560026041666667 0.5221874999999999 0.5577083333333334 0.5249131944444445 0.5614583333333333 0.5239930555555555 0.5631640625 0.5203645833333334