0 0.4399739583333333 0.4930555555555556 0.43649739583333336 0.4939930555555556 0.31549479166666666 0.45937500000000003 0.2040364583333333 0.4276041666666667 0.20234375000000002 0.4357638888888889 0.31411458333333336 0.4662673611111111 0.4358203125 0.4994618055555555 0.4371744791666667 0.5030902777777777 0.441953125 0.5044618055555555 0.4446614583333333 0.5017361111111112 0.4440104166666667 0.49583333333333335 0.4399739583333333 0.4930555555555556
0 0.42899739583333335 0.47218750000000004 0.4252473958333333 0.4740104166666666 0.31309895833333334 0.4208159722222222 0.20781249999999998 0.3671875 0.20429687500000002 0.375 0.3117317708333333 0.4271875 0.42388020833333334 0.47991319444444447 0.4259375 0.4840104166666667 0.43138020833333335 0.4853645833333333 0.43548177083333334 0.4821875 0.43377604166666667 0.4758159722222222 0.42899739583333335 0.47218750000000004
0 0.4310416666666667 0.44081597222222224 0.4266145833333333 0.43991319444444443 0.31514322916666665 0.3626388888888889 0.21355468749999998 0.2953645833333333 0.21048177083333333 0.3003645833333333 0.3124088541666667 0.3690104166666667 0.42423177083333335 0.44446180555555553 0.42627604166666666 0.4480902777777778 0.43002604166666664 0.4503645833333334 0.43377604166666667 0.44946180555555554 0.43377604166666667 0.4440104166666667 0.4310416666666667 0.44081597222222224
0 0.4443359375 0.41128472222222223 0.4412760416666666 0.41036458333333337 0.3645703125 0.3362847222222222 0.30490885416666663 0.2771875 0.30115885416666666 0.28173611111111113 0.3618359375 0.3412847222222222 0.43752604166666664 0.41401041666666666 0.4399088541666667 0.4185416666666667 0.44263020833333333 0.4217361111111111 0.44842447916666667 0.4208159722222222 0.4480859375 0.41491319444444447 0.4443359375 0.41128472222222223
0 0.42832031249999997 0.5812673611111111 0.42627604166666666 0.5830902777777778 0.3270703125 0.6049131944444445 0.26740885416666665 0.6185416666666667 0.20536458333333332 0.6339930555555555 0.2070703125 0.6408159722222222 0.269453125 0.6244444444444445 0.3280989583333333 0.611267361111111 0.42627604166666666 0.5889930555555556 0.42832031249999997 0.59171875 0.4327473958333334 0.59171875 0.43548177083333334 0.58671875 0.4330859375 0.58171875 0.42832031249999997 0.5812673611111111
0 0.43070312499999996 0.6139930555555556 0.4266145833333333 0.6162673611111111 0.3021875 0.6608159722222222 0.28786458333333337 0.6630902777777777 0.207421875 0.6948958333333333 0.20911458333333333 0.7035416666666667 0.2885546875 0.6694444444444445 0.3035546875 0.6676388888888889 0.4255859375 0.6235416666666667 0.42865885416666666 0.6262673611111111 0.4347916666666667 0.6235416666666667 0.4341145833333333 0.6162673611111111 0.43070312499999996 0.6139930555555556
0 0.43240885416666663 0.6480902777777778 0.42865885416666666 0.64671875 0.4228645833333333 0.6476388888888889 0.36423177083333336 0.6753645833333333 0.28173177083333334 0.7194444444444444 0.20536458333333332 0.7603645833333333 0.20776041666666667 0.7671701388888889 0.2834375 0.7258159722222222 0.36558593749999996 0.6821701388888889 0.42388020833333334 0.6544444444444444 0.4276302083333334 0.6571701388888889 0.4327473958333334 0.6558159722222222 0.4341145833333333 0.65171875 0.43240885416666663 0.6480902777777778
0 0.4443359375 0.64671875 0.44166666666666665 0.6517361111111111 0.3379817708333333 0.7380902777777778 0.22036458333333334 0.84171875 0.22309895833333335 0.8494444444444444 0.34173177083333334 0.7435416666666667 0.44161458333333337 0.6585416666666667 0.4463802083333333 0.6580902777777777 0.449453125 0.6549131944444445 0.449453125 0.6489930555555555 0.4443359375 0.64671875
0 0.4602864583333333 0.6472222222222223 0.4569010416666666 0.6498263888888889 0.4552083333333334 0.6548611111111111 0.38092447916666666 0.7517013888888889 0.3120572916666667 0.8517013888888889 0.31679687500000003 0.8576388888888888 0.38501302083333333 0.7576215277777778 0.45796875000000004 0.6594270833333333 0.462734375 0.6585243055555555 0.46444010416666665 0.6526215277777778 0.46380208333333334 0.6498263888888889 0.4602864583333333 0.6472222222222223
0 0.47305989583333335 0.6471180555555556 0.46966145833333334 0.6502951388888889 0.4703385416666667 0.6552951388888889 0.3939713541666667 0.8466493055555556 0.39875 0.8511979166666667 0.47442708333333333 0.6580208333333333 0.47783854166666667 0.6571180555555556 0.47885416666666664 0.6507465277777778 0.4771614583333333 0.6471180555555556 0.47305989583333335 0.6471180555555556
0 0.48505208333333333 0.6653298611111111 0.48505208333333333 0.6710243055555556 0.4864713541666667 0.6748090277777777 0.4825 0.8433680555555555 0.48733072916666664 0.8429861111111111 0.4904557291666667 0.6748090277777777 0.49243489583333333 0.6706423611111112 0.491875 0.6649652777777777 0.4890364583333333 0.6626909722222222 0.48505208333333333 0.6653298611111111
0 0.5635026041666666 0.6488020833333333 0.5635026041666666 0.6556076388888888 0.565546875 0.6610763888888889 0.5652083333333333 0.75015625 0.56796875 0.84375 0.5744791666666667 0.8442708333333333 0.5710026041666666 0.75015625 0.5699869791666666 0.6610763888888889 0.5713411458333334 0.6556076388888888 0.5706640625 0.65015625 0.5679427083333334 0.6460763888888889 0.5635026041666666 0.6488020833333333
0 0.576796875 0.6519791666666667 0.5795312499999999 0.6578819444444445 0.5825911458333334 0.66015625 0.6620182291666666 0.8460590277777778 0.6674739583333333 0.8428819444444444 0.5860026041666667 0.6569791666666667 0.5860026041666667 0.6510763888888889 0.5846354166666666 0.6474305555555556 0.5795312499999999 0.6469791666666667 0.576796875 0.6519791666666667
0 0.5920052083333334 0.6493402777777777 0.5920052083333334 0.6547916666666667 0.5954166666666666 0.6588888888888889 0.5991666666666667 0.6575173611111111 0.6714322916666666 0.7547916666666666 0.7147265625 0.8088888888888889 0.747109375 0.8475173611111111 0.7501822916666666 0.8406944444444444 0.7184765624999999 0.8034374999999999 0.6751822916666667 0.7502430555555555 0.5995052083333333 0.6502604166666667 0.595078125 0.6466145833333333 0.5920052083333334 0.6493402777777777
0 0.6097265625 0.6566145833333333 0.6131380208333334 0.6570659722222223 0.6165494791666667 0.6547916666666667 0.8292708333333333 0.8288888888888889 0.8319921875 0.8225173611111111 0.6158723958333333 0.6470659722222222 0.6124609375 0.6447916666666667 0.6087109375 0.6479861111111112 0.6083723958333334 0.6529861111111112 0.6097265625 0.6566145833333333
0 0.606328125 0.6216145833333333 0.6104166666666667 0.6234375000000001 0.61484375 0.622986111111111 0.8384114583333333 0.7565972222222223 0.840859375 0.7507118055555556 0.61484375 0.6166145833333334 0.6138281250000001 0.6134375 0.609375 0.6111111111111112 0.6059895833333333 0.6156250000000001 0.606328125 0.6216145833333333
0 0.6056380208333333 0.5870659722222222 0.6087109375 0.5911631944444444 0.6138281250000001 0.5893402777777778 0.8377864583333333 0.6966145833333334 0.8388151041666667 0.6902430555555555 0.6145052083333333 0.5829861111111111 0.6114322916666667 0.5802604166666667 0.60734375 0.5816145833333333 0.6056380208333333 0.5870659722222222
0 0.5966145833333333 0.5190972222222222 0.5997135416666667 0.5231770833333333 0.6039713541666667 0.5205381944444444 0.8417447916666667 0.6364409722222222 0.8428776041666667 0.6303819444444445 0.6048177083333334 0.5152256944444444 0.6028385416666667 0.5118229166666667 0.6002734375 0.5118229166666667 0.5977213541666667 0.5144618055555555 0.5966145833333333 0.5190972222222222
0 0.5991666666666667 0.5032118055555556 0.6031510416666667 0.5024652777777778 0.6048567708333333 0.49942708333333335 0.8403515625 0.49298611111111107 0.83921875 0.4869270833333334 0.6037760416666667 0.49374999999999997 0.6011588541666667 0.4933680555555556 0.5986067708333334 0.49602430555555554 0.5983203125 0.49980902777777775 0.5991666666666667 0.5032118055555556
0 0.6099609375 0.48428819444444443 0.6145052083333333 0.48124999999999996 0.6170703125 0.47784722222222226 0.8348958333333334 0.43246527777777777 0.8341145833333333 0.42604166666666665 0.6145052083333333 0.47291666666666665 0.6111067708333333 0.47215277777777775 0.6071223958333333 0.47670138888888886 0.6071223958333333 0.48124999999999996 0.6099609375 0.48428819444444443
0 0.6095963541666667 0.4503125 0.6147135416666667 0.4480381944444444 0.6161328125 0.4438715277777778 0.837421875 0.37038194444444444 0.8360026041666666 0.3647048611111111 0.615625 0.4378472222222222 0.6135677083333334 0.4385590277777778 0.6084635416666667 0.44159722222222225 0.6070442708333333 0.4480381944444444 0.6095963541666667 0.4503125
0 0.5956770833333334 0.4181076388888889 0.5993619791666667 0.42114583333333333 0.604765625 0.41961805555555554 0.8274739583333334 0.2875 0.8240885416666667 0.28177083333333336 0.6027734375 0.4147048611111111 0.601640625 0.41204861111111113 0.5990885416666667 0.41015625 0.5962369791666667 0.4124305555555556 0.5956770833333334 0.4181076388888889
0 0.5865885416666666 0.4175 0.5865885416666666 0.41295138888888894 0.6632812499999999 0.34402777777777777 0.7397005208333334 0.28152777777777777 0.7371484375 0.27621527777777777 0.6598828125 0.33947916666666667 0.5848828125 0.40727430555555555 0.5809895833333333 0.4088541666666667 0.5777734375 0.4122048611111111 0.5783463541666667 0.4193923611111111 0.5814713541666666 0.4205381944444444 0.5865885416666666 0.4175
0 0.5721354166666667 0.41788194444444443 0.5712239583333333 0.41180555555555554 0.6107291666666667 0.3485590277777778 0.6553255208333334 0.2849305555555556 0.6519270833333334 0.2803819444444444 0.6070442708333333 0.34477430555555555 0.5673177083333333 0.4079861111111111 0.564140625 0.4095486111111111 0.5630208333333333 0.4140625 0.5630208333333333 0.41909722222222223 0.5684895833333333 0.42118055555555556 0.5721354166666667 0.41788194444444443
0 0.5307942708333333 0.41651041666666666 0.5300911458333334 0.4114583333333333 0.5769531250000001 0.28836805555555556 0.5724609374999999 0.2861458333333333 0.5267708333333333 0.40894097222222225 0.5244010416666667 0.4111458333333333 0.5222786458333334 0.41619791666666667 0.5248828125 0.42124999999999996 0.5284244791666667 0.4209375 0.5307942708333333 0.41651041666666666
0 0.5158854166666667 0.4171354166666667 0.5147005208333334 0.41241319444444446 0.5360026041666667 0.34043402777777776 0.553046875 0.28741319444444446 0.5492578124999999 0.28456597222222224 0.5326953125 0.33729166666666666 0.5113802083333333 0.4082986111111111 0.5100260416666667 0.4126736111111111 0.5083333333333333 0.41718750000000004 0.5104296875 0.4215625 0.51328125 0.421875 0.5158854166666667 0.4171354166666667
0 0.49481770833333333 0.41809027777777774 0.49884114583333333 0.4206076388888889 0.5014453125 0.41651041666666666 0.5004947916666667 0.4114583333333333 0.49859375 0.40894097222222225 0.48179687499999996 0.2833159722222222 0.4775260416666667 0.2842534722222222 0.4945703125 0.4076736111111111 0.49505208333333334 0.4114583333333333 0.4938671875 0.41430555555555554 0.49481770833333333 0.41809027777777774
0 0.3963541666666666 0.2826388888888889 0.3930989583333333 0.28611111111111115 0.4694010416666667 0.4125 0.47041666666666665 0.41791666666666666 0.4731770833333333 0.4205381944444444 0.47593749999999996 0.4210763888888889 0.47671875 0.41685763888888894 0.4747526041666667 0.41291666666666665 0.4720052083333333 0.4095486111111111 0.3963541666666666 0.2826388888888889
0 0.44092447916666666 0.5139930555555555 0.4371744791666667 0.5139930555555555 0.31411458333333336 0.5017361111111112 0.20059895833333333 0.4899131944444444 0.199921875 0.49626736111111114 0.31377604166666667 0.5080902777777778 0.4368359375 0.5203645833333334 0.43854166666666666 0.5239930555555555 0.4422916666666667 0.5249131944444445 0.44399739583333336 0.5221874999999999 0.44365885416666667 0.5162673611111112 0.44092447916666666 0.5139930555555555